412044
442157
881841
907861
954643
830787
315101
622830
772580
303262
923859
900775
56436
94619
406997
312105
906274
749891
327008
926853
134619
405954
192978
731085
202922
472864
3975
82047
194420
416576
555220
195689
395240
721823
67930
61574
636625
923683
274839
302272
395408
19071
644261
372467
119721
342662
964938
33645
941472
542431
817697
962376
197943
266537
907408
964075
979668
313761
830957
365473
379348
684506
650517
203481
53060
130310
755039
396170
552640
758240
429941
347073
186296
530605
398636
743368
636534
797634
678776
271400
975854
642012
672512
843134
370655
82881
850478
719581
979834
551397
673957
319888
96345
332024
923374
907694
26786
160099
658387
460915
711386
194428
110144
712460
995629
672551
33605
755577
760413
266479
670713
560167
725860
67425
489504
944395
376925
419336
942588
971000
797988
235528
624697
220017
261290
884070
720675
847772
849998
255990
62473
588056
710919
343624
869949
272700
303009
602689
176642
426468
729329
953000
434607
171287
89877
141234
92239
327124
898859
850593
884107
148089
395352
369863
918778
133284
460606
738276
644187
639966
99718
612660
810114
709448
497169
166515
657546
198919
689217
399695
505280
135057
173969
386310
593554
407265
9691
141647
535270
962689
599758
132920
704023
408066
576190
468072
573106
761475
729384
690773
565036
991198
679935
74595
441166
94675
390811
444848
32614
366680
549236
53597
313456
639090
150418
836624
438951
795494
475891
284636
626466
983906
69909
108570
233990
436788
123859
569077
563967
496540
167617
133892
537449
33318
584163
757975
995366
177935
891474
331029
275227
489722
141734
431202
414577
738208
135563
120846
26322
654406
823093
182175
148512
177011
319102
499250
92351
446835
453670
747764
812311
433033
110007
830442
897593
538511
68908
398557
470126
995540
750333
174380
598681
778318
23723
347673
989297
736703
744236
824318
565106
137890
862092
481517
223465
575795
670563
256365
578185
731956
556565
109515
286254
532739
10826
572868
223249
714906
469900
608768
280245
996942
887646
876999
854295
896387
86416
301026
702666
341485
697239
71876
716581
452228
27333
738937
62930
137500
69327
488018
55694
374921
560078
240460
604112
876062
522216
550663
528779
61935
718493
515009
404409
10238
758633
577276
553303
259397
488778
726407
164812
513826
59510
71583
785624
182805
469784
81126
180406
642981
320224
338519
372409
151653
803631
401033
666339
972627
23233
708230
609009
179522
845049
278057
730956
292283
703312
796537
607799
552931
960922
736054
648518
225467
925028
444676
757171
309184
203916
958935
285713
108156
110625
941535
23115
654357
190737
97512
227673
112502
327095
495194
900844
279154
598967
636329
603872
635251
694519
802700
455143
334967
938537
163655
365450
778607
452868
32673
282244
551232
543500
43218
660852
910486
465608
520944
992843
222126
40554
596621
528457
761989
673510
985074
119180
683604
561046
629131
697879
867546
33338
889267
637756
484628
278664
253066
806218
311611
397366
378472
911145
275882
254992
189433
397259
411403
605926
579035
293478
506875
398396
291671
82640
786257
797458
102662
650669
688971
627284
595082
797784
843395
110774
491373
450952
94457
112053
137216
79462
912895
480577
346772
186246
91221
84280
903756
350561
301634
90088
989272
619862
917750
88679
712019
312160
586705
295556
598513
47110
725093
743567
216598
361338
332574
485874
589377
389861
428077
238393
309522
230317
241251
593102
640507
894983
446334
882481
44836
839776
558892
467608
639717
239388
895372
515418
726052
660573
384664
513000
691562
995373
713430
67906
306920
577762
231256
433569
33145
244179
289655
737716
998099
30675
957309
232268
953775
497610
856652
135446
623390
81045
635831
349521
239619
218260
954429
355183
396111
676904
960271
835235
633440
348931
729445
894094
882541
631825
51398
863217
470375
865988
570263
813667
782023
955647
264001
707439
147527
998901
854499
660077
2137
641965
67027
903531
432016
639600
410389
747591
998601
977264
784671
859945
224665
668546
607568
125003
804105
313039
380934
522175
601698
651603
554193
18256
689032
211718
343064
244276
543174
900308
346894
896080
279902
405971
705485
141977
577207
274796
664816
903464
876394
964184
879745
326157
166126
130869
295203
588376
395710
271787
577602
373180
506142
7098
385374
210814
369895
951246
678463
509079
915944
604336
726546
110871
595415
982671
455634
540498
590357
156156
788087
180424
17100
866433
72448
949939
869410
515336
121960
970757
167486
666070
300845
736679
44718
122297
240054
889739
575799
290268
996631
23924
684703
196350
99019
174254
280307
177111
435158
904693
368702
987845
249883
964295
736216
885101
665382
680248
901560
908998
998309
565935
611462
279539
870454
218858
389623
727541
2665
370827
894056
735403
766474
403810
448593
487377
696261
420877
243521
170848
348535
729725
772569
702853
65454
483050
850389
573728
555050
658719
331813
909678
687911
159535
781583
716088
460124
642358
444950
10055
86943
653249
988747
12496
371062
156094
841457
481171
172253
664221
171369
737640
950012
470090
276428
941063
775571
756588
947816
68985
218927
415684
185459
111776
597799
780193
180921
482971
786722
61959
804472
640422
948021
886256
943346
593507
792378
366179
164743
392870
686351
796237
185390
353314
326656
596176
962717
650412
786681
819318
406249
840976
308549
20202
362031
277328
298791
461992
817617
525200
139230
163198
996719
199183
515429
696975
546793
695309
716861
546866
737987
356191
271814
447748
971442
185282
595782
337234
413458
941060
347737
568053
3328
343139
522138
127505
946300
551815
703150
61895
813163
11045
687500
809783
404123
707551
996230
84606
60356
395029
866958
492128
529043
979060
421119
459382
688526
397201
681740
811739
452374
225760
313423
749146
474520
175494
172503
508613
286325
95639
177463
433164
988657
767873
671084
282451
110619
360967
592974
599911
449760
794624
768538
684620
888255
104823
522567
228067
61754
335290
668113
264334
932803
669448
705738
398487
96697
796090
730303
772282
565107
691548
386342
235641
210549
151863
201615
376170
140373
11264
277756
273881
441190
78791
811428
545542
443081
844149
930217
345683
386420
904737
24116
567123
144702
451780
492525
701712
260497
297530
296469
300502
258253
646498
429683
392037
28305
180473
500068
200281
352229
444058
996173
441437
891750
933383
123105
764170
817159
59575
300404
896283
510939
809886
20233
105841
264048
625531
111641
351125
210501
189610
447194
117771
714517
311541
149472
536889
172465
327277
279572
184563
40587
223639
412069
939745
448498
241371
35562
804982
602179
234294
355811
159345
928724
902945
262856
210207
8665
618098
735229
243774
945788
903395
696335
901139
871873
777524
367304
971635
181242
518627
693501
709903
974392
24238
536637
869242
382877
305532
725078
906243
302058
504878
767950
430930
845063
587337
234038
436185
956691
763312
513543
731584
549880
223897
602554
678885
561313
317350
85083
831267
54202
558266
730279
464947
404779
473128
602243
